start=250.350100
speed=1.464100
fullscreen=yes
