start=338.000000
speed=1.610510
fullscreen=yes
