start=464.033333
speed=1.464100
volume=98.000000
fullscreen=yes
sub-visibility=no
