start=1233.489000
fullscreen=yes
brightness=-1
contrast=1
aid=2
vid=1
sub-delay=0.100000
