start=471.480000
speed=1.464100
pause=yes
fullscreen=yes
sub-delay=-0.100000
