start=494.880000
speed=1.610510
pause=yes
