start=82.891779
speed=1.331000
fullscreen=yes
brightness=-24
contrast=6
panscan=0.100000
sub-pos=92
