start=261.300000
speed=1.610510
sub-visibility=no
