start=4.366667
speed=1.610510
pause=yes
aid=1
sid=1
sub-delay=-0.000000
sub-pos=92
sub-visibility=no
