start=683.666667
pause=yes
volume=99.000000
