start=6742.285426
speed=1.610510
