start=1252.675000
volume=99.000000
aid=2
