start=316.040000
speed=1.610510
pause=yes
