start=315.280000
speed=1.464100
pause=yes
