start=7796.223708
speed=1.610510
volume=99.000000
