start=5253.277164
speed=1.771561
pause=yes
aid=1
